# Bertie, J. E.; Lan, Z. Appl. Spectrosc. 1996, 50, 1047−1057
15.346483367135882 0.35980691770130235
4.453706877172024 0.20814990621291685
33.70974605040207 0.49521028232317477
49.33719554666164 0.6163823432370314
63.72568234501478 0.7351541483819553
76.50351763608955 0.8645350840255723
87.13381758412658 0.991569131289161
96.58297309349283 1.12192600071457
106.03212860285905 1.2524654427862352
113.11899523488373 1.3751542610689746
122.56815074424998 1.5002165237530178
132.0173062536162 1.6241833505595338
144.73732328545537 1.7519842029373862
160.36477278171492 1.8746730212201257
186.34995043247204 1.932299587383234
212.33512808322922 1.84957758111684
229.88355974348076 1.7651294334676813
251.70660937225517 1.7161999642715884
279.5695038229505 1.7519842029373862
303.2137707762515 1.8590362110468384
319.8192720022701 1.9973618395028652
333.99300526631947 2.1200506577856046
346.98559409169803 2.238649848792253
359.01179201270963 2.3607809906282533
371.7896273037844 2.4819826717196882
383.60107169049223 2.6026266763643804
395.4125160772 2.7242930878280944
408.19035136827483 2.8524657245037766
420.2165492892864 2.9768275721267337
432.0279936759942 3.099516390409473
443.83943806270196 3.2222052086922126
455.6508824494098 3.344894026974952
467.6770803704213 3.471486580384873
480.4549156614961 3.6025405453687043
492.266360048204 3.724206956832422
505.04419533927876 3.8544244071461478
517.0703932602903 3.978786254769105
530.0629820856689 4.101815875324853
544.2367153497182 4.226208704972631
559.5915930524385 4.3510883950104216
575.2190425486981 4.466081074051065
592.6636373352202 4.582192170141489
618.6488149859773 4.609146531733909
644.6339926367344 4.568250258972995
663.8275897651347 4.4933124864423455
685.2224106201486 4.408383010907606
699.4390945910586 4.306978843675434
719.1937353278274 4.194258491878166
735.5821144143844 4.06177160824646
747.3935588010922 3.9450468297413543
756.8427143104585 3.8313040711250643
765.110725381154 3.7120841331211523
773.3787364518495 3.5957244999085525
781.6467475225448 3.4783911459159356
788.7336141545695 3.360570931533303
795.8204807865942 3.2432375775406825
804.0884918572897 3.1237133517930147
810.669153729884 2.9949387786351416
817.4185505222886 2.8780922850325297
824.5054171543132 2.7539428855797574
831.5922837863379 2.6370963919771526
837.869222803274 2.5034532149191655
845.1332611010993 2.3718183369699766
852.5154138427916 2.2602664501087375
861.3739971328225 2.118772649261828
867.0266169464613 1.991519514822734
876.9973167534224 1.8440008166494408
887.949747002915 1.6979426996461804
895.0366136349397 1.5737933001934117
904.485769144306 1.455486225420767
914.9848308213795 1.3339334147147213
925.74636904038 1.2121534024933354
938.7389578657586 1.0967918330802604
954.0938355684787 0.9786064734051187
973.5170996710648 0.8931624749582134
996.4181779541817 0.8224460033091319
1022.600213011384 0.7658263529526401
1048.5853906621412 0.730506844659125
1074.5705683128983 0.7091292475341042
1100.5557459636555 0.6970462578547405
1126.5409236144126 0.6905400326427795
1152.5261012651697 0.6989051793438747
1178.5112789159268 0.7044819438112704
1204.496456566684 0.7091292475341042
1230.4816342174413 0.7137765512569345
1256.4668118681984 0.7425898343384851
1282.4519895189555 0.7565317455069795
1308.4371671697127 0.770473656675474
1334.4223448204698 0.77326203890917
1360.407522471227 0.7834861070993995
1386.392700121984 0.8002164005015935
1412.3778777727412 0.8122993901809501
1438.3630554234983 0.8355359087951051
1464.3482330742556 0.8624902703875286
1490.3334107250128 0.899668700170178
1517.1060180015504 0.9655829579723267
1541.8868915187609 1.0495305766911152
1558.839788167918 1.188808446792315
1571.701138722333 1.3327974071380275
1580.3956741736597 1.4593202509921035
1587.659712471485 1.6098696550932132
1593.6835491087058 1.7698763222702887
1598.9986990827244 1.9321834047901625
1603.048337158167 2.077693803854661
1606.085565714749 2.2295942455380526
1609.4602641109514 2.377112943711346
1611.991287908103 2.5051572262842043
1617.4675030328494 2.767884796748252
1614.94414900478 2.613361947964119
1621.5716816884326 2.9618322721143997
1623.9339705657742 3.1549535601520446
1629.0641938852534 3.349727222846699
1639.157609997531 3.545128470146654
1644.7412018894292 3.6759679441894377
1656.8747765775927 3.520747999846879
1658.3933908558836 3.38053220752375
1661.0931495728455 3.2563828080709776
1666.3239320869588 3.1015612040475204
1668.8549558841105 2.9394366941738994
1674.0013709383188 2.7935611498168917
1675.2668828368949 2.638556973147182
1680.7929514606758 2.4778930444435936
1682.8599542283498 2.327940044320247
1685.6159579185814 2.2052512260375075
1689.9468208603744 2.036213298625732
1694.6713986150576 1.8276423075450765
1699.3959763697405 1.6471875039875492
1703.6143493649936 1.5022248228618125
1708.2545596597715 1.3391874497569205
1714.2783962969925 1.175346757008512
1721.8377207044855 1.024614780261146
1725.887358779928 0.9019259619784066
1736.0114539685349 0.7735408771325396
1747.8228983552426 0.6355159565644577
1761.996631619292 0.5112204989946854
1783.47198504967 0.4256437204414105
1809.242409166123 0.3670876935337368
1835.2275868168804 0.3336271067293559
1861.2127644676375 0.32061465630542685
1887.1979421183946 0.32061465630542685
1913.1831197691517 0.32061465630542685
1939.1682974199089 0.3382744104521862
1965.153475070666 0.36522877204460613
1991.1386527214231 0.41541965225118105
2017.1238303721805 0.45445700352296114
2043.1090080229376 0.49628273702844083
2069.0941856736945 0.5371790097893552
2095.0793633244516 0.5687806751046054
2121.0645409752087 0.5864404292513647
2147.049718625966 0.5808636647839656
2173.034896276723 0.5557682246806799
2199.02007392748 0.5223076378762954
2225.005251578237 0.47862298288168503
2250.9904292289943 0.44516239607730057
2276.9756068797515 0.39497151587072565
2302.9607845305086 0.35593416459894556
2328.9459621812657 0.329909263751091
2354.931139832023 0.3010959806695368
2380.91631748278 0.2760005405662511
2406.901495133537 0.25183456120752723
2432.8866727842947 0.23696318929447102
2458.871850435052 0.21930343514771167
2484.857028085809 0.20350260249008656
2510.842205736566 0.18770176983246145
2536.827383387323 0.17747770164223198
2562.8125610380803 0.17190093717483634
2588.7977386888374 0.16074740824004152
2614.7829163395945 0.1468054970715471
2640.7680939903516 0.1468054970715471
2666.7532716411088 0.1468054970715471
2692.738449291866 0.1681830941965714
2718.723626942623 0.17747770164223198
2744.70880459338 0.20443206323465546
2770.6939822441373 0.23417480706077143
2796.6791598948944 0.28715406950104594
2823.058052358542 0.3444708154159599
2849.1946587834877 0.4260012053431659
2874.04412062783 0.5242440144274774
2897.1459162665383 0.6285395335640658
2917.155892639314 0.7583325756995762
2933.6919147807057 0.8846424181330228
2947.6508945104506 1.0177102147300836
2958.627186263755 1.1339960812169245
2970.1761541085352 1.2578209070763542
2979.887786159829 1.3839177480891678
2990.3868478369022 1.5129966089908002
3000.1734731858887 1.648282939865073
3008.104014416964 1.7724323393178452
3015.5845958618793 1.8973931727539686
3021.687175461678 2.02803404407355
3028.478755984035 2.155834896451406
3034.5953968271515 2.2880174923393533
3040.2902003707427 2.4203826608735604
3045.900636454429 2.5511655331402316
3050.625214209112 2.6755583627880064
3056.530936402466 2.806523807700934
3061.2555141571493 2.9394366941738994
3065.642622072212 3.0635860936266717
3070.029729987275 3.1921172365895423
3074.838675201863 3.3392707894703264
3080.4163017178084 3.5025718786198077
3083.697258491894 3.6417328067645798
3088.8942940220454 3.804977095535225
3093.8551006644625 3.9961671706924946
3099.8395658203945 4.178496386751565
3102.5955695106263 4.316521307319647
3104.957858387968 4.439210125602386
3109.682436142651 4.605521634830101
3114.8007287102246 4.807844584238952
3118.541019432682 4.975121699906852
3121.7891666390265 5.138706790950504
3124.699844005751 5.290972377926405
3129.7618916000542 5.5101812685287985
3122.6750249680294 5.381528410468427
3134.2239928128106 5.714378630439192
3136.2581860127434 5.881229743265834
3140.6284204358253 6.0716530133088344
3145.248007573738 6.276702380901748
3147.7743442897836 6.4627236215850665
3152.203635934799 6.68407469790351
3146.2979137414454 6.567520320534907
3154.5659248121406 6.864018298051526
3156.928213689482 7.000339207254569
3158.995216457156 7.154126232949254
3164.015080321507 7.405893912133626
3163.6213655086167 7.2661649802005055
3167.0335605536657 7.606967253208117
3171.1019469535318 7.866999387512919
3166.3773691988486 7.73306409422093
3176.220239521105 8.18633111732105
3174.645380269544 8.023427630823415
3179.032488184607 8.339205279784464
3183.208677449907 8.630226077913463
3181.7322469015685 8.475331444831502
3185.275680217581 8.77932707235429
3187.3426829852547 8.939504140667868
3190.7089446354667 9.112290893082726
3195.47647309701 9.394939905505309
3194.3311209140566 9.24963420910479
3197.087124604289 9.563172300271793
3199.4494134816305 9.69608518674476
3201.811702358972 9.869894345978642
3207.0731639494143 10.205429674767043
3205.355135674984 10.031434623384246
3211.1296195973746 10.414041975214124
3213.6231467456796 10.620340951141396
3218.347724500363 10.90354764001072
3217.9540096874725 10.762796301258577
3221.553687976755 11.088019041785838
3223.072302255046 11.229695415279002
3227.2063077903936 11.38050042108487
3227.796880009729 11.50233723368509
3230.159168887071 11.633546108793018
3232.521457764412 11.78179509755133
3238.427179957766 12.057844938687493
3234.4900318288633 11.897667870373917
3242.8892811705223 12.247103800964386
3244.1641672313094 12.418608487685548
3249.5943637415626 12.609015160215254
3254.0773437701537 12.806757933621714
3256.144346537828 12.952450905332466
3262.0500687311815 13.192716507802832
3260.2783520731755 13.052135570187193
3268.428248700004 13.42684766935906
3265.593502047194 13.315405326085571
3272.6803686792186 13.614459320649747
3277.404946433902 13.783156445788514
3281.6233194291544 13.946376391539658
3287.3265597187365 14.12106189947556
3291.578679697951 14.307139940537713
3296.809462212065 14.466343288071268
3299.8466907686466 14.609480242734463
3303.390124084659 14.743366849987453
3308.6209065987723 14.885530083870627
3310.4769907166838 15.021120702488655
3316.677999019705 15.167239677040667
3319.4199414666195 15.314940947860215
3325.1231817562016 15.475750934680807
3329.8477595108843 15.67920989166635
3334.7560708449164 15.866878343335873
3339.3306620042126 16.030625721176193
3342.3678905607944 16.17376267583939
3347.0924683154776 16.327671416631578
3349.454757192819 16.452149446847606
3355.866684145604 16.579804241108455
3359.494484921521 16.71746401638403
3362.447346018198 16.8461168744444
3368.6483543212194 16.97945576375863
3372.7401761266146 17.104152881150164
3380.1645125982595 17.234144605283067
3393.8132927784554 17.33971216651709
3409.693123565029 17.3027919202746
3413.2365568810415 17.183024264331927
3420.0609469711394 17.025606071561743
3423.8668568290786 16.869973033554935
3426.22914570642 16.755804272097386
3431.4599282205336 16.623621676209435
3435.678301215786 16.468252354247216
3437.4500178737926 16.298277220584673
3442.765167847811 16.11066556929398
3445.1274567251526 15.944694862339276
3447.8834604153844 15.804965930406157
3452.5096094668447 15.65416092460029
3452.6080381700676 15.498243884699308
3456.93890111186 15.358940955607448
3459.3011899892017 15.198337884452613
3461.6634788665433 15.068833020709722
3464.025767743885 14.93932815696683
3465.881851861796 14.793513470158572
3468.986574386302 14.623063647615767
3473.0812084403606 14.425284728513684
3474.993537531542 14.26478308660677
3476.005947050403 14.115803807263443
3480.430551614312 13.948161546303032
3482.755343842807 13.77840955698591
3485.286367639959 13.609347286554634
3488.829800955971 13.50710660465235
3488.042371330191 13.381861769322054
3492.6685203816514 13.238724814658859
3492.879439031414 13.097778731750712
3495.916667587996 12.957562939427582
3498.672671278228 12.839986155239956
3499.591339174972 12.694009181635028
3501.3161850219194 12.53107323777806
3505.3658230973624 12.355478923780804
3506.5469675360328 12.200981893350688
3508.065581814324 12.05638435751746
3510.680973071381 11.90192789878651
3513.6338341680575 11.757938938440796
3515.996123045399 11.618210006507676
3514.8149786067283 11.511879697329302
3520.551965880272 11.378674694622328
3519.5395563614115 11.252699568707015
3523.082989677424 11.142790835662062
3524.85470633543 10.989429812808638
3527.807567432107 10.800284551289414
3530.1698563094487 10.64692352843599
3532.5321451867903 10.459823080554813
3535.1897201737993 10.26352097130243
3538.437867380144 10.111863959814045
3538.775337219764 9.970674446710891
3541.1376260971056 9.836300979067891
3547.7182879696998 9.643504264623587
3552.021028424858 9.444956511822278
3552.8740771861203 9.280306413675476
3556.155033960206 9.166989657900446
3559.6984672762183 8.974265972514644
3562.946614482563 8.760582947338873
3562.0607561535594 8.60415470402838
3562.0607561535594 8.48146588574564
3563.24190059223 8.36184428791997
3564.760514870521 8.220898205011823
3568.135213266724 8.0675371821584
3569.4850926252043 7.915636740475007
3571.847381502546 7.784184435172072
3574.659630166048 7.612647291091575
3577.5843687760903 7.449711347234603
3580.284127493052 7.305113811401375
3581.9714766911525 7.153213369717983
3584.5025004883046 7.015675309539912
3586.864789365646 6.853794229861299
3589.4633071307217 6.716791716112239
3592.7705115589997 6.6002373387436375
3591.9830819332196 6.472095684092777
3596.8201496344427 6.342590820349885
3598.5449954813903 6.16082960807916
3601.629094849031 5.984748433691895
3602.6921248438343 5.868194056323292
3607.5885054259606 5.701262906599201
3610.4876781390617 5.52636937649666
3612.0062924173526 5.388831316318591
3615.212255893745 5.262247614915763
3617.068340011656 5.109860312842359
3619.3462614290925 4.957229580573953
3624.661411403111 4.766039505416684
3627.0237002804524 4.5993871939159625
3629.385989157794 4.466474307442997
3631.7482780351356 4.3454895005252965
3634.110566912477 4.222800682242557
3636.472855789819 4.091591807134623
3638.8351446671604 3.9706070002169227
3641.066195273538 3.8024778788665046
3644.150294641179 3.6306567328918327
3645.9220112991848 3.4883717839111554
3647.693727957191 3.3392707894703264
3651.8277334925388 3.1537039518176826
3655.371166808551 2.9338864857277756
3657.7334556858927 2.762462942404948
3659.927009643424 2.6108059309165625
3662.458033440576 2.4778930444435936
3664.6890840469537 2.310899930669869
3667.182611195259 2.1524268737213283
3669.03869531317 2.022191719393419
3672.3009037628326 1.8542248848396703
3674.2694778272835 1.7076799074463977
3678.457171746207 1.5205484775404017
3683.0624419818328 1.31689330106434
3685.490349994656 1.1564322308565913
3691.7504155196116 0.9698429863849256
3694.8213910601553 0.8256836249027053
3701.4357999167114 0.7000411869205649
3708.522666548736 0.5432721413370665
3722.10582759345 0.404963218874812
3737.2996401454425 0.3057432843923671
3760.8304916898705 0.23955240136861988
3788.840488378349 0.19513745578899133
3814.8256660291063 0.1728303979194017
3840.8108436798634 0.14494657558241641
3867.7803083628464 0.12465334932605288
3891.1457682201417 0.11534682571699761
3918.766376632135 0.1263573606910917
3944.7515542828924 0.1263573606910917
3970.7367319336495 0.1263573606910917
3990.8161873910526 0.12806137205613055

